nohup: ignoring input
Java HotSpot(TM) 64-Bit Server VM warning: Using incremental CMS is deprecated and will likely be removed in a future release
SLF4J: Class path contains multiple SLF4J bindings.
SLF4J: Found binding in [jar:file:/opt/beh/core/hbase/lib/slf4j-log4j12-1.7.5.jar!/org/slf4j/impl/StaticLoggerBinder.class]
SLF4J: Found binding in [jar:file:/opt/beh/core/hadoop/share/hadoop/common/lib/slf4j-log4j12-1.7.5.jar!/org/slf4j/impl/StaticLoggerBinder.class]
SLF4J: See http://www.slf4j.org/codes.html#multiple_bindings for an explanation.
SLF4J: Actual binding is of type [org.slf4j.impl.Log4jLoggerFactory]
-- -- -*******************************************************************************************************************-- -- -
酷我各模块统计	日期	uv_酷我电台	uv_酷我会员	uv_酷我搜索	pv_酷我电台	pv_酷我会员	pv_酷我搜索
酷我各模块统计	20190802	7560	59256	17669	11326	145628	22771
酷我各模块统计	20190806	7136	56825	16502	11014	140909	21197
酷我各模块统计	20190813	6907	55586	15544	10554	134914	19819
酷我各模块统计	20190817	7320	55651	16570	10912	136122	21280
酷我各模块统计	20190820	6926	55995	15474	10706	137044	19802
酷我各模块统计	20190824	6141	49380	14500	9274	112028	18464
酷我各模块统计	20190828	6946	56166	15218	10615	137539	19450
酷我各模块统计	20190831	6209	52256	15521	9356	115009	19500
酷我各模块统计	20190803	7492	57843	17858	11312	142716	23202
酷我各模块统计	20190807	7215	57777	16746	10939	141948	21478
酷我各模块统计	20190810	6103	48754	14439	9005	109618	18301
酷我各模块统计	20190814	7043	56201	15714	10851	137618	20050
酷我各模块统计	20190818	7141	54719	16613	10839	132709	21391
酷我各模块统计	20190821	6885	54926	15046	10659	132014	19146
酷我各模块统计	20190825	6764	52891	15550	10337	125561	19927
酷我各模块统计	20190829	4684	42195	10640	6816	86019	13087
酷我各模块统计	20190804	7313	56756	17885	11236	139927	23302
酷我各模块统计	20190808	7230	57445	16123	10906	141567	20626
酷我各模块统计	20190811	7263	54875	17421	11057	134023	22554
酷我各模块统计	20190815	7085	56926	16075	10831	139780	20448
酷我各模块统计	20190819	6858	55633	15457	10479	134172	19597
酷我各模块统计	20190822	6548	51953	13894	10064	122811	17629
酷我各模块统计	20190826	6605	53991	14302	10134	128890	18177
酷我各模块统计	20190801	7246	58902	17005	10980	144047	21822
酷我各模块统计	20190805	7151	56990	16440	11069	140025	21107
酷我各模块统计	20190809	6753	54721	15400	10048	127846	19479
酷我各模块统计	20190812	6717	53947	15013	10303	129664	19134
酷我各模块统计	20190816	7236	57033	16105	11017	140022	20603
酷我各模块统计	20190823	6822	54732	14989	10320	129590	18978
酷我各模块统计	20190827	6671	54479	14628	10334	128824	18582
酷我各模块统计	20190830	4816	43548	10889	6916	88491	13313
-- -- -*******************************************************************************************************************-- -- -
酷狗各模块统计	日期	uv_电台	uv_酷狗号	uv_猜你喜欢	uv_视频直播	uv_K歌-KTV	uv_K歌-直播	uv_K歌-录唱	uv_短视频	uv_酷狗每日推	uv_酷狗会员	pv_电台	pv_酷狗号	pv_猜你喜欢	pv_视频直播	pv_K歌-KTV	pv_K歌-直播	pv_K歌-录唱	pv_短视频	pv_酷狗每日推	pv_酷狗会员
酷狗各模块统计	20190803	14259	24799	28267	19449	2813	14378	3345	0	17876	42980	20711	36006	62101	29084	4842	22809	4722	0	20380	77581
酷狗各模块统计	20190810	10104	17349	22013	16528	2160	10618	2613	0	12011	32882	13457	23702	44267	24874	3642	16095	3683	0	13459	52301
酷狗各模块统计	20190817	13586	21611	26253	15693	2591	12686	3048	0	16560	41678	19561	31343	58043	23889	4504	20521	4440	0	18866	73370
酷狗各模块统计	20190824	11047	21031	23170	16554	2092	10597	2416	0	13345	36523	15797	28719	49515	22930	3718	16966	3423	0	14890	61222
酷狗各模块统计	20190831	12268	18861	24588	16890	2130	10919	2553	0	13392	39921	17461	27029	54819	24339	3775	17245	3577	0	14858	65365
酷狗各模块统计	20190804	13855	24127	27696	19619	3023	14699	3628	0	17882	42717	20255	35020	59454	29094	5122	23553	5281	0	20462	76992
酷狗各模块统计	20190811	13706	23212	26990	19408	2968	14296	3581	0	16959	42315	19689	33562	57757	28574	5147	22817	5198	0	19302	75124
酷狗各模块统计	20190818	13152	25876	25707	14886	2661	13374	3188	0	16375	41529	19271	35884	55782	22967	4582	21646	4544	0	18492	73462
酷狗各模块统计	20190825	12703	20675	25289	19722	2430	12539	2901	0	16327	41641	18526	29944	54963	27922	4305	20379	4229	0	18491	72132
酷狗各模块统计	20190805	13865	22437	27391	18707	2744	13240	3119	0	17601	42711	20252	32726	59704	27809	4679	21325	4388	0	20066	76291
酷狗各模块统计	20190812	12853	20777	26293	24991	2600	12512	2912	0	16458	41401	18430	30351	57221	33507	4374	20101	4175	0	18579	72406
酷狗各模块统计	20190819	13037	21706	26077	16562	2448	12266	2775	0	16307	42724	19233	31204	57515	24298	4197	19952	3896	0	18389	74780
酷狗各模块统计	20190826	12596	20135	25565	17126	2359	11951	2694	0	16267	42813	18197	29568	56835	25003	3983	19418	3888	0	18403	74870
酷狗各模块统计	20190806	13650	21220	27704	18230	2674	13177	3115	0	17654	42759	20168	31880	61589	27148	4523	21349	4430	0	20154	77014
酷狗各模块统计	20190813	13264	20453	26617	22552	2650	12817	2996	0	16820	42077	19265	30221	58692	31112	4313	20307	4255	0	19118	74304
酷狗各模块统计	20190820	13399	21010	26634	19652	2481	12403	2830	0	16694	43007	19494	30903	59322	27876	4210	20084	3996	0	18982	76021
酷狗各模块统计	20190827	13576	20048	25732	15890	2336	11687	2567	0	16191	42778	19428	29228	57443	23240	4032	18850	3655	0	18321	74365
酷狗各模块统计	20190807	13694	24719	27801	15035	2714	13511	3170	0	18291	44351	20130	35210	62021	24359	4697	21923	4599	0	20946	79734
酷狗各模块统计	20190814	13589	22423	26925	26227	2619	12978	3068	0	17222	43018	19543	32406	59860	35288	4364	20898	4394	0	19610	75993
酷狗各模块统计	20190821	12759	20613	25742	14200	2344	12079	2810	0	16531	42123	18561	29943	57581	22015	4117	19704	3951	0	18743	73707
酷狗各模块统计	20190828	13191	20744	26378	10994	2299	12033	2606	0	16937	44042	19041	30414	58918	18778	3943	19308	3729	0	19262	77896
酷狗各模块统计	20190801	13731	22155	27907	20151	2853	13799	3314	0	17542	42791	19919	32909	60143	29438	4802	21835	4783	0	20074	76251
酷狗各模块统计	20190808	13688	22156	27627	19315	2670	13023	3045	0	17621	44865	20075	32439	60930	27863	4576	20936	4340	0	20103	79786
酷狗各模块统计	20190815	13164	23870	27099	14496	2697	12793	3066	0	17361	43060	19108	33898	59812	23045	4521	20806	4479	0	19875	76480
酷狗各模块统计	20190822	12123	20080	24951	15247	2157	11306	2486	0	15864	40849	17654	28762	55614	22480	3719	18282	3584	0	17934	70329
酷狗各模块统计	20190829	9255	16581	19021	10405	1655	8411	2021	0	10308	32753	12660	21257	38636	15170	2712	12783	2806	0	11191	49746
酷狗各模块统计	20190802	14122	23194	28526	20154	2827	14190	3263	0	18000	43254	20688	34343	62817	29544	4823	22328	4637	0	20544	77787
酷狗各模块统计	20190809	13162	20385	26918	11342	2564	12558	2968	0	15998	40931	19040	29648	59378	19071	4381	20081	4243	0	17991	70047
酷狗各模块统计	20190816	13302	23222	26828	15463	2586	12850	3009	0	16919	42349	19459	32915	58990	23706	4397	20642	4313	0	19201	75143
酷狗各模块统计	20190823	12804	22731	25988	16959	2324	11995	2660	0	16524	42641	18865	31999	57448	24613	4018	19229	3861	0	18695	74245
酷狗各模块统计	20190830	9259	15919	18849	11982	1665	8262	2045	0	10437	33459	12577	20475	37629	16587	2708	12579	2782	0	11308	50619
-- -- -*******************************************************************************************************************-- -- -
网易云各模块	日期	uv_下载会员	uv_商城store	uv_每日推荐	uv_查看评论comment	uv_音乐云盘	uv_我的消息-私信	uv_我的消息-评论	uv_我的消息-@我	uv_我的消息-通知	uv_评论detail	uv_评论musiciansaid	uv_关注列表	uv_歌单-广场&推荐	uv_发现-排行榜	uv_发现-电台	uv_发现-电台-付费精品	uv_视频页卡	uv_我的页卡	uv_朋友页卡	uv_我的-私人FM	uv_我的收藏	uv_我的电台	uv_查看个人歌单	uv_播放歌曲	uv_喜欢歌曲	uv_我的数字付费专辑	uv_新碟上架latest	uv_新碟上架new	uv_听歌识曲	uv_哼唱识曲	uv_观看MV	uv_签到	uv_搜索	pv_下载会员	pv_商城store	pv_每日推荐	pv_查看评论comment	pv_音乐云盘	pv_我的消息-私信	pv_我的消息-评论	pv_我的消息-@我	pv_我的消息-通知	pv_评论detail	pv_评论musiciansaid	pv_关注列表	pv_歌单-广场&推荐	pv_发现-排行榜	pv_发现-电台	pv_发现-电台-付费精品	pv_视频页卡	pv_我的页卡	pv_朋友页卡	pv_我的-私人FM	pv_我的收藏	pv_我的电台	pv_查看个人歌单	pv_播放歌曲	pv_喜欢歌曲	pv_我的数字付费专辑	pv_新碟上架latest	pv_新碟上架new	pv_听歌识曲	pv_哼唱识曲	pv_观看MV	pv_签到	pv_搜索
网易云各模块	20190806	293	3269	164	16928	838	281	17	9	37	1553	177	660	123	634	197	0	247	1080	366	5646	554	13	3592	7854	7460	4	1	1	43	3	50	133	5965	402	3931	184	26789	977	362	17	9	39	2116	216	799	125	742	224	0	289	1402	411	7568	901	13	4911	13452	10969	4	1	1	45	3	53	141	8385
网易云各模块	20190815	1802	28688	3030	30676	872	2269	150	66	311	2790	3298	1275	1115	6193	927	1	2231	12504	5693	14263	1354	442	20742	35602	35952	12	11	11	373	25	55	1021	32300	2713	45138	3700	50523	987	2675	164	71	368	3935	4246	1556	1207	7585	1048	1	2582	19579	7082	22925	2926	495	33354	88439	97775	12	11	11	392	25	57	1067	71739
网易云各模块	20190824	1254	20520	1892	23176	643	1474	102	54	230	2108	2245	852	710	4226	667	3	1575	8345	3819	10491	1153	298	15091	27303	28403	20	7	6	291	18	42	655	24217	1844	31131	2232	36060	715	1787	108	56	270	2832	2876	1002	807	5139	761	3	1827	12778	4639	15975	2385	327	23574	64892	72434	23	7	6	312	18	46	686	51275
网易云各模块	20190801	518	4690	442	19129	797	416	34	17	80	1636	440	677	152	1013	222	0	353	2764	699	5563	688	16	4860	10212	9828	5	4	4	60	3	50	215	8007	673	5580	487	29377	927	513	36	17	99	2159	553	814	171	1175	256	0	436	3545	812	7476	1070	22	6601	17989	15762	5	4	4	64	3	58	224	11521
网易云各模块	20190807	274	3207	158	16842	791	263	23	13	40	1476	172	641	134	711	190	0	228	951	346	5526	632	20	3639	7672	7241	3	0	1	39	0	56	128	5809	360	3822	176	26643	923	339	24	13	46	1991	221	776	145	817	220	0	262	1210	391	7315	994	21	4951	13291	10664	3	0	1	41	0	62	135	8006
网易云各模块	20190810	257	3080	130	12197	595	261	24	10	37	1167	174	494	112	531	135	0	190	1140	307	4034	534	14	3038	6440	6178	1	1	1	41	0	41	92	4983	327	3526	150	17198	692	324	24	10	43	1554	209	602	113	594	151	0	213	1432	340	5022	788	14	3944	10713	8745	1	1	1	42	0	44	96	6517
网易云各模块	20190816	1742	28388	2915	30229	832	2256	128	69	318	2794	3156	1201	1036	6059	1018	6	2222	12342	5579	14069	1443	461	20396	35066	35629	23	9	9	347	29	46	974	31991	2621	44507	3495	49531	953	2750	134	71	374	3900	4078	1458	1139	7423	1165	6	2541	19224	6977	22413	3169	529	32898	87076	97065	27	9	9	370	29	49	1025	70935
网易云各模块	20190825	1359	22783	2159	26009	831	1544	102	47	254	2468	2597	1074	791	4943	728	1	1780	9266	4247	11788	1240	328	16860	28872	30144	10	8	8	301	19	40	814	25881	2004	35292	2606	41138	930	1890	107	48	306	3468	3355	1261	855	6102	819	1	2077	14395	5361	18322	2730	365	26918	71001	78954	11	8	8	339	22	48	850	56742
网易云各模块	20190802	378	3800	253	18037	841	335	25	10	42	1542	277	637	137	824	210	1	292	1565	445	5877	604	15	4032	8752	8434	3	2	2	39	1	55	150	6800	511	4461	281	28152	987	397	26	10	44	2085	333	780	149	951	241	1	330	1889	506	7814	930	20	5486	15060	12662	3	2	2	41	1	62	153	9330
网易云各模块	20190808	272	3123	162	16636	803	278	25	11	40	1418	169	610	107	678	204	1	224	908	345	5494	553	19	3401	7539	7117	3	0	0	34	3	66	109	5718	380	3735	174	25896	928	340	26	12	42	1897	216	724	115	801	228	1	274	1160	393	7289	834	21	4667	12995	10568	3	0	0	36	3	76	114	7958
网易云各模块	20190811	355	4495	313	16584	779	403	27	11	55	1520	343	633	154	824	212	1	310	2045	574	5538	685	14	4392	9060	8898	2	1	1	62	3	71	159	7351	464	5181	338	25131	918	484	28	11	65	2031	413	775	161	945	247	1	363	2534	639	7152	1028	20	5802	15530	13586	2	1	1	65	3	77	166	10106
网易云各模块	20190817	1616	26116	2604	27899	787	2112	117	52	275	2598	3064	1107	912	5541	854	6	2046	11380	5200	12965	1446	373	18998	32491	33095	15	10	10	347	23	49	915	29575	2348	40918	3139	45464	900	2529	122	54	341	3605	3999	1327	1015	6792	965	6	2377	17679	6458	20568	3280	416	30816	79760	88920	20	11	11	365	23	53	969	65146
网易云各模块	20190820	1646	26077	2736	28052	851	1926	118	44	270	2752	3104	1186	911	5575	895	4	1936	10756	5021	13444	1269	393	18907	32624	33045	14	11	11	314	18	47	962	29618	2446	41228	3360	46330	955	2339	125	44	324	3787	4022	1433	1030	6871	1028	4	2263	17000	6297	21354	2657	444	30311	82324	91080	14	11	11	338	19	51	1001	66323
网易云各模块	20190826	1479	24479	2502	27718	919	1723	114	51	253	2682	2756	1169	803	5103	826	1	1764	9709	4432	12768	1212	345	17798	30885	32065	27	9	7	263	21	48	839	27737	2262	38353	3058	44643	1034	2053	124	54	306	3807	3608	1380	881	6219	949	1	2045	15314	5590	20193	2593	389	28485	76734	85073	27	9	7	282	22	54	880	61494
网易云各模块	20190803	315	3290	189	16896	808	273	23	10	41	1473	201	643	126	727	196	1	268	1223	411	5868	666	21	3682	8153	7801	4	2	2	60	2	57	130	6334	436	3886	211	26398	970	327	25	10	46	2010	248	785	133	840	215	1	319	1558	453	7741	1061	21	5117	13826	11511	4	2	2	65	2	62	138	8659
网易云各模块	20190809	245	2832	116	15522	762	252	20	9	45	1316	158	565	102	581	182	1	218	828	333	4926	554	16	3272	7069	6598	1	1	2	36	6	52	107	5294	335	3329	130	23723	909	314	22	10	52	1841	201	706	112	675	213	1	248	1060	386	6410	838	18	4417	12478	9663	1	1	2	38	6	55	108	7197
网易云各模块	20190812	918	15887	1361	23394	817	909	61	31	129	1959	1372	828	473	2582	462	0	994	7574	2243	9428	969	145	11861	23042	23355	8	6	6	177	11	51	370	20023	1127	19129	1447	34060	959	1046	63	33	145	2564	1560	959	489	2904	499	0	1096	9012	2510	12494	1613	153	15210	40190	41673	9	6	6	180	11	58	374	30858
网易云各模块	20190818	1539	25090	2473	26780	774	1852	105	62	269	2464	2871	1096	948	5419	858	2	1976	10648	4870	12410	1390	374	18337	31178	31747	11	10	9	329	24	47	895	28336	2261	38771	2953	43025	899	2231	114	67	321	3463	3667	1322	1043	6615	985	2	2270	16547	6071	19405	3008	434	29493	76442	85355	11	10	9	352	25	54	936	61920
网易云各模块	20190821	1505	25426	2641	27183	813	1964	129	66	262	2686	3008	1142	933	5297	891	3	1947	10352	4937	13078	1227	401	18401	31879	32062	12	13	14	304	27	44	883	28868	2200	39723	3195	44415	938	2376	140	70	323	3705	3913	1366	1023	6562	1050	3	2250	16308	6160	20538	2605	478	29570	78953	87241	13	13	14	328	27	47	918	63731
网易云各模块	20190827	1505	24183	2539	27689	941	1579	127	56	254	2793	2734	1181	835	5156	856	2	1838	9464	4392	12791	1144	372	17937	30873	31906	18	4	4	292	19	39	836	27608	2257	38152	3128	44817	1083	1915	144	61	300	3960	3553	1435	914	6463	993	2	2137	14970	5515	20437	2442	424	28808	77503	85851	20	4	4	311	20	45	884	61687
网易云各模块	20190830	1095	18723	1694	21455	802	1171	75	37	174	2193	1850	993	596	3478	553	2	1258	7129	2907	10137	1043	224	14021	24619	25374	14	8	9	223	12	40	480	21878	1534	25846	1900	30702	887	1416	84	38	198	2908	2322	1148	637	4085	613	2	1391	10178	3472	14214	2020	242	20397	53153	58429	16	8	9	238	12	41	495	42443
网易云各模块	20190804	313	3056	151	16160	794	258	18	10	50	1419	158	635	140	709	186	0	277	1042	411	5291	614	10	3599	7551	7230	2	1	2	60	2	53	110	5794	421	3585	159	25327	966	321	18	10	60	1967	185	800	145	829	220	0	316	1311	458	6908	944	12	4990	13127	10530	2	1	2	65	2	58	112	7866
网易云各模块	20190813	1904	30896	3188	32893	880	2195	143	57	352	2790	3575	1259	1136	6493	1022	5	2391	15035	5823	14432	1515	435	22280	38732	39390	18	11	11	361	23	61	1133	35207	2799	46842	3809	52323	981	2596	154	58	410	3815	4537	1484	1245	7906	1149	5	2739	22052	7142	22798	3031	487	34615	91803	102120	19	11	11	393	24	64	1193	74768
网易云各模块	20190819	1606	26151	2745	27881	815	1884	117	61	288	2572	2994	1088	930	5413	876	0	1991	10944	4885	13265	1306	396	18806	32487	32961	12	7	7	273	24	49	920	29617	2387	40853	3340	45638	912	2293	124	65	340	3542	3893	1319	1014	6592	1002	0	2287	17109	6105	21055	2824	453	30239	80881	89917	13	7	7	288	24	58	968	65793
网易云各模块	20190822	1424	24032	2497	25631	772	1642	100	42	234	2514	2749	1022	863	4921	804	5	1812	9828	4397	12423	1176	363	17283	29994	30310	14	11	13	266	20	34	773	27354	2095	36714	3024	41123	875	1907	109	45	284	3451	3551	1226	941	6022	909	5	2075	15097	5415	19280	2401	409	27187	73056	80726	16	11	13	278	20	35	799	59302
网易云各模块	20190828	1534	24611	2568	28108	975	1557	104	52	238	2803	2807	1206	823	4990	863	3	1906	9660	4567	13106	1213	395	18021	31105	32155	18	12	10	293	23	45	810	27825	2321	39238	3153	45925	1125	1905	115	57	287	3962	3672	1450	900	6121	978	4	2211	15534	5731	21096	2612	446	29426	79350	87522	21	12	10	309	23	53	849	63362
网易云各模块	20190831	1320	21462	1905	24918	969	1528	70	35	196	2789	2272	1156	671	4097	657	3	1597	8565	3964	11068	1306	283	16195	29709	30646	16	6	7	295	10	39	654	25969	1943	32179	2209	38505	1090	1865	79	36	242	3804	2848	1378	730	4885	739	3	1822	12955	4847	16779	2772	317	25021	73528	80767	16	6	7	316	11	43	693	55423
网易云各模块	20190805	295	3090	177	16812	835	288	30	8	40	1422	192	634	106	628	213	0	219	1006	358	5331	587	18	3488	7534	7125	2	0	0	42	2	52	124	5680	398	3687	189	26381	991	338	32	8	45	1983	260	779	109	728	242	0	247	1311	405	6990	871	19	4821	13158	10538	2	0	0	44	2	60	129	7889
网易云各模块	20190814	1803	28925	3006	30867	870	2115	127	56	313	2875	3314	1211	1044	6228	931	2	2255	13064	5539	14367	1424	402	20933	36288	36773	13	16	17	365	24	69	993	32918	2666	45004	3643	50249	1002	2487	136	59	381	3979	4309	1454	1151	7653	1058	2	2565	19935	6899	22969	3003	456	33268	88816	98371	14	16	17	395	24	75	1053	72208
网易云各模块	20190823	1515	25010	2507	27100	821	1860	126	48	244	2658	2837	1106	880	5216	802	4	1869	10015	4591	13138	1282	368	18002	31289	31760	29	7	8	323	17	50	850	28374	2236	38897	3062	43977	944	2241	135	49	278	3703	3706	1327	958	6408	911	5	2176	15760	5678	20618	2747	422	28900	77417	85801	35	7	8	348	17	54	900	62520
网易云各模块	20190829	1044	18068	1681	20764	735	1137	82	36	169	2213	1951	932	560	3479	582	2	1265	7024	2849	9654	951	249	13376	24329	25074	14	9	8	204	16	44	468	21276	1473	25087	1926	29880	815	1363	86	37	200	2908	2410	1086	606	4103	662	2	1431	10144	3435	13731	1743	277	19238	52527	57599	15	10	9	219	17	53	488	41333
-- -- -*******************************************************************************************************************-- -- -
喜马拉雅各模块统计	日期	uv_会员Category	uv_会员VIP2	uv_会员VIP1&3	uv_直播	uv_充值	uv_搜索	uv_首页焦点图	uv_VIP频道	uv_每日必听	uv_经典必听	uv_精品	uv_听头条	uv_场景电台	uv_助眠冥想	pv_会员Category	pv_会员VIP2	pv_会员VIP1&3	pv_直播	pv_充值	pv_搜索	pv_首页焦点图	pv_VIP频道	pv_每日必听	pv_经典必听	pv_精品	pv_听头条	pv_场景电台	pv_助眠冥想
FAILED: ClassCastException org.apache.hadoop.hive.serde2.objectinspector.primitive.WritableIntObjectInspector cannot be cast to org.apache.hadoop.hive.serde2.objectinspector.primitive.BooleanObjectInspector
